          Homo       Mus        Bos        Rattus     Gallus     Xenopus    Drosophila Danio      
Homo       0          2215       2220       2206       1937       1819       1352       1775       
Mus        2215       0          2186       2340       1952       1815       1358       1805       
Bos        2220       2186       0          2175       1919       1825       1355       1758       
Rattus     2206       2340       2175       0          1950       1815       1362       1808       
Gallus     1937       1952       1919       1950       0          1887       1360       1866       
Xenopus    1819       1815       1825       1815       1887       0          1407       1820       
Drosophila 1352       1358       1355       1362       1360       1407       0          1376       
Danio      1775       1805       1758       1808       1866       1820       1376       0  